/*--------------------------------*- C++ -*----------------------------------*\
  =========                 |
  \\      /  F ield         | OpenFOAM: The Open Source CFD Toolbox
   \\    /   O peration     | Website:  https://openfoam.org
    \\  /    A nd           | Version:  11
     \\/     M anipulation  |
\*---------------------------------------------------------------------------*/
FoamFile
{
    format      ascii;
    class       labelList;
    note        "nPoints: 7236 nCells: 5000 nFaces: 17025 nInternalFaces: 12975";
    location    "constant/polyMesh";
    object      neighbour;
}
// * * * * * * * * * * * * * * * * * * * * * * * * * * * * * * * * * * * * * //


12975
(
1
5
350
2
6
351
3
7
352
4
8
353
9
354
6
10
355
7
11
356
8
12
357
9
13
358
14
359
11
15
360
12
16
361
13
17
362
14
18
363
19
364
16
20
365
17
21
366
18
22
367
19
23
368
24
369
21
25
370
22
26
371
23
27
372
24
28
373
29
374
26
30
375
27
31
376
28
32
377
29
33
378
34
379
31
35
380
32
36
381
33
37
382
34
38
383
39
384
36
40
385
37
41
386
38
42
387
39
43
388
44
389
41
45
390
42
46
391
43
47
392
44
48
393
49
394
46
50
395
47
51
396
48
52
397
49
53
398
54
399
51
55
400
52
56
401
53
57
402
54
58
403
59
404
56
60
405
57
61
406
58
62
407
59
63
408
64
409
61
65
410
62
66
411
63
67
412
64
68
413
69
414
66
70
415
67
71
416
68
72
417
69
73
418
74
419
71
75
420
72
76
421
73
77
422
74
78
423
79
424
76
80
425
77
81
426
78
82
427
79
83
428
84
429
81
85
430
82
86
431
83
87
432
84
88
433
89
434
86
90
435
87
91
436
88
92
437
89
93
438
94
439
91
95
440
92
96
441
93
97
442
94
98
443
99
444
96
100
445
97
101
446
98
102
447
99
103
448
104
449
101
105
450
102
106
451
103
107
452
104
108
453
109
454
106
110
455
107
111
456
108
112
457
109
113
458
114
459
111
115
460
112
116
461
113
117
462
114
118
463
119
464
116
120
465
117
121
466
118
122
467
119
123
468
124
469
121
125
470
122
126
471
123
127
472
124
128
473
129
474
126
130
475
127
131
476
128
132
477
129
133
478
134
479
131
135
480
132
136
481
133
137
482
134
138
483
139
484
136
140
485
137
141
486
138
142
487
139
143
488
144
489
141
145
490
142
146
491
143
147
492
144
148
493
149
494
146
150
495
147
151
496
148
152
497
149
153
498
154
499
151
155
500
152
156
501
153
157
502
154
158
503
159
504
156
160
505
157
161
506
158
162
507
159
163
508
164
509
161
165
510
162
166
511
163
167
512
164
168
513
169
514
166
170
515
167
171
516
168
172
517
169
173
518
174
519
171
175
520
172
176
521
173
177
522
174
178
523
179
524
176
180
525
177
181
526
178
182
527
179
183
528
184
529
181
185
530
182
186
531
183
187
532
184
188
533
189
534
186
190
535
187
191
536
188
192
537
189
193
538
194
539
191
195
540
192
196
541
193
197
542
194
198
543
199
544
196
200
545
197
201
546
198
202
547
199
203
548
204
549
201
205
550
202
206
551
203
207
552
204
208
553
209
554
206
210
555
207
211
556
208
212
557
209
213
558
214
559
211
215
560
212
216
561
213
217
562
214
218
563
219
564
216
220
565
217
221
566
218
222
567
219
223
568
224
569
221
225
570
222
226
571
223
227
572
224
228
573
229
574
226
230
575
227
231
576
228
232
577
229
233
578
234
579
231
235
580
232
236
581
233
237
582
234
238
583
239
584
236
240
585
237
241
586
238
242
587
239
243
588
244
589
241
245
590
242
246
591
243
247
592
244
248
593
249
594
246
250
595
247
251
596
248
252
597
249
253
598
254
599
251
255
600
252
256
601
253
257
602
254
258
603
259
604
256
260
605
257
261
606
258
262
607
259
263
608
264
609
261
265
610
262
266
611
263
267
612
264
268
613
269
614
266
270
615
267
271
616
268
272
617
269
273
618
274
619
271
275
620
272
276
621
273
277
622
274
278
623
279
624
276
280
625
277
281
626
278
282
627
279
283
628
284
629
281
285
630
282
286
631
283
287
632
284
288
633
289
634
286
290
635
287
291
636
288
292
637
289
293
638
294
639
291
295
640
292
296
641
293
297
642
294
298
643
299
644
296
300
645
297
301
646
298
302
647
299
303
648
304
649
301
305
650
302
306
651
303
307
652
304
308
653
309
654
306
310
655
307
311
656
308
312
657
309
313
658
314
659
311
315
660
312
316
661
313
317
662
314
318
663
319
664
316
320
665
317
321
666
318
322
667
319
323
668
324
669
321
325
670
322
326
671
323
327
672
324
328
673
329
674
326
330
675
327
331
676
328
332
677
329
333
678
334
679
331
335
680
332
336
681
333
337
682
334
338
683
339
684
336
340
685
337
341
686
338
342
687
339
343
688
344
689
341
345
690
342
346
691
343
347
692
344
348
693
349
694
346
695
1750
347
696
1751
348
697
1752
349
698
1753
699
1754
351
355
700
352
356
701
353
357
702
354
358
703
359
704
356
360
705
357
361
706
358
362
707
359
363
708
364
709
361
365
710
362
366
711
363
367
712
364
368
713
369
714
366
370
715
367
371
716
368
372
717
369
373
718
374
719
371
375
720
372
376
721
373
377
722
374
378
723
379
724
376
380
725
377
381
726
378
382
727
379
383
728
384
729
381
385
730
382
386
731
383
387
732
384
388
733
389
734
386
390
735
387
391
736
388
392
737
389
393
738
394
739
391
395
740
392
396
741
393
397
742
394
398
743
399
744
396
400
745
397
401
746
398
402
747
399
403
748
404
749
401
405
750
402
406
751
403
407
752
404
408
753
409
754
406
410
755
407
411
756
408
412
757
409
413
758
414
759
411
415
760
412
416
761
413
417
762
414
418
763
419
764
416
420
765
417
421
766
418
422
767
419
423
768
424
769
421
425
770
422
426
771
423
427
772
424
428
773
429
774
426
430
775
427
431
776
428
432
777
429
433
778
434
779
431
435
780
432
436
781
433
437
782
434
438
783
439
784
436
440
785
437
441
786
438
442
787
439
443
788
444
789
441
445
790
442
446
791
443
447
792
444
448
793
449
794
446
450
795
447
451
796
448
452
797
449
453
798
454
799
451
455
800
452
456
801
453
457
802
454
458
803
459
804
456
460
805
457
461
806
458
462
807
459
463
808
464
809
461
465
810
462
466
811
463
467
812
464
468
813
469
814
466
470
815
467
471
816
468
472
817
469
473
818
474
819
471
475
820
472
476
821
473
477
822
474
478
823
479
824
476
480
825
477
481
826
478
482
827
479
483
828
484
829
481
485
830
482
486
831
483
487
832
484
488
833
489
834
486
490
835
487
491
836
488
492
837
489
493
838
494
839
491
495
840
492
496
841
493
497
842
494
498
843
499
844
496
500
845
497
501
846
498
502
847
499
503
848
504
849
501
505
850
502
506
851
503
507
852
504
508
853
509
854
506
510
855
507
511
856
508
512
857
509
513
858
514
859
511
515
860
512
516
861
513
517
862
514
518
863
519
864
516
520
865
517
521
866
518
522
867
519
523
868
524
869
521
525
870
522
526
871
523
527
872
524
528
873
529
874
526
530
875
527
531
876
528
532
877
529
533
878
534
879
531
535
880
532
536
881
533
537
882
534
538
883
539
884
536
540
885
537
541
886
538
542
887
539
543
888
544
889
541
545
890
542
546
891
543
547
892
544
548
893
549
894
546
550
895
547
551
896
548
552
897
549
553
898
554
899
551
555
900
552
556
901
553
557
902
554
558
903
559
904
556
560
905
557
561
906
558
562
907
559
563
908
564
909
561
565
910
562
566
911
563
567
912
564
568
913
569
914
566
570
915
567
571
916
568
572
917
569
573
918
574
919
571
575
920
572
576
921
573
577
922
574
578
923
579
924
576
580
925
577
581
926
578
582
927
579
583
928
584
929
581
585
930
582
586
931
583
587
932
584
588
933
589
934
586
590
935
587
591
936
588
592
937
589
593
938
594
939
591
595
940
592
596
941
593
597
942
594
598
943
599
944
596
600
945
597
601
946
598
602
947
599
603
948
604
949
601
605
950
602
606
951
603
607
952
604
608
953
609
954
606
610
955
607
611
956
608
612
957
609
613
958
614
959
611
615
960
612
616
961
613
617
962
614
618
963
619
964
616
620
965
617
621
966
618
622
967
619
623
968
624
969
621
625
970
622
626
971
623
627
972
624
628
973
629
974
626
630
975
627
631
976
628
632
977
629
633
978
634
979
631
635
980
632
636
981
633
637
982
634
638
983
639
984
636
640
985
637
641
986
638
642
987
639
643
988
644
989
641
645
990
642
646
991
643
647
992
644
648
993
649
994
646
650
995
647
651
996
648
652
997
649
653
998
654
999
651
655
1000
652
656
1001
653
657
1002
654
658
1003
659
1004
656
660
1005
657
661
1006
658
662
1007
659
663
1008
664
1009
661
665
1010
662
666
1011
663
667
1012
664
668
1013
669
1014
666
670
1015
667
671
1016
668
672
1017
669
673
1018
674
1019
671
675
1020
672
676
1021
673
677
1022
674
678
1023
679
1024
676
680
1025
677
681
1026
678
682
1027
679
683
1028
684
1029
681
685
1030
682
686
1031
683
687
1032
684
688
1033
689
1034
686
690
1035
687
691
1036
688
692
1037
689
693
1038
694
1039
691
695
1040
692
696
1041
693
697
1042
694
698
1043
699
1044
696
1045
2400
697
1046
2401
698
1047
2402
699
1048
2403
1049
2404
701
705
1050
702
706
1051
703
707
1052
704
708
1053
709
1054
706
710
1055
707
711
1056
708
712
1057
709
713
1058
714
1059
711
715
1060
712
716
1061
713
717
1062
714
718
1063
719
1064
716
720
1065
717
721
1066
718
722
1067
719
723
1068
724
1069
721
725
1070
722
726
1071
723
727
1072
724
728
1073
729
1074
726
730
1075
727
731
1076
728
732
1077
729
733
1078
734
1079
731
735
1080
732
736
1081
733
737
1082
734
738
1083
739
1084
736
740
1085
737
741
1086
738
742
1087
739
743
1088
744
1089
741
745
1090
742
746
1091
743
747
1092
744
748
1093
749
1094
746
750
1095
747
751
1096
748
752
1097
749
753
1098
754
1099
751
755
1100
752
756
1101
753
757
1102
754
758
1103
759
1104
756
760
1105
757
761
1106
758
762
1107
759
763
1108
764
1109
761
765
1110
762
766
1111
763
767
1112
764
768
1113
769
1114
766
770
1115
767
771
1116
768
772
1117
769
773
1118
774
1119
771
775
1120
772
776
1121
773
777
1122
774
778
1123
779
1124
776
780
1125
777
781
1126
778
782
1127
779
783
1128
784
1129
781
785
1130
782
786
1131
783
787
1132
784
788
1133
789
1134
786
790
1135
787
791
1136
788
792
1137
789
793
1138
794
1139
791
795
1140
792
796
1141
793
797
1142
794
798
1143
799
1144
796
800
1145
797
801
1146
798
802
1147
799
803
1148
804
1149
801
805
1150
802
806
1151
803
807
1152
804
808
1153
809
1154
806
810
1155
807
811
1156
808
812
1157
809
813
1158
814
1159
811
815
1160
812
816
1161
813
817
1162
814
818
1163
819
1164
816
820
1165
817
821
1166
818
822
1167
819
823
1168
824
1169
821
825
1170
822
826
1171
823
827
1172
824
828
1173
829
1174
826
830
1175
827
831
1176
828
832
1177
829
833
1178
834
1179
831
835
1180
832
836
1181
833
837
1182
834
838
1183
839
1184
836
840
1185
837
841
1186
838
842
1187
839
843
1188
844
1189
841
845
1190
842
846
1191
843
847
1192
844
848
1193
849
1194
846
850
1195
847
851
1196
848
852
1197
849
853
1198
854
1199
851
855
1200
852
856
1201
853
857
1202
854
858
1203
859
1204
856
860
1205
857
861
1206
858
862
1207
859
863
1208
864
1209
861
865
1210
862
866
1211
863
867
1212
864
868
1213
869
1214
866
870
1215
867
871
1216
868
872
1217
869
873
1218
874
1219
871
875
1220
872
876
1221
873
877
1222
874
878
1223
879
1224
876
880
1225
877
881
1226
878
882
1227
879
883
1228
884
1229
881
885
1230
882
886
1231
883
887
1232
884
888
1233
889
1234
886
890
1235
887
891
1236
888
892
1237
889
893
1238
894
1239
891
895
1240
892
896
1241
893
897
1242
894
898
1243
899
1244
896
900
1245
897
901
1246
898
902
1247
899
903
1248
904
1249
901
905
1250
902
906
1251
903
907
1252
904
908
1253
909
1254
906
910
1255
907
911
1256
908
912
1257
909
913
1258
914
1259
911
915
1260
912
916
1261
913
917
1262
914
918
1263
919
1264
916
920
1265
917
921
1266
918
922
1267
919
923
1268
924
1269
921
925
1270
922
926
1271
923
927
1272
924
928
1273
929
1274
926
930
1275
927
931
1276
928
932
1277
929
933
1278
934
1279
931
935
1280
932
936
1281
933
937
1282
934
938
1283
939
1284
936
940
1285
937
941
1286
938
942
1287
939
943
1288
944
1289
941
945
1290
942
946
1291
943
947
1292
944
948
1293
949
1294
946
950
1295
947
951
1296
948
952
1297
949
953
1298
954
1299
951
955
1300
952
956
1301
953
957
1302
954
958
1303
959
1304
956
960
1305
957
961
1306
958
962
1307
959
963
1308
964
1309
961
965
1310
962
966
1311
963
967
1312
964
968
1313
969
1314
966
970
1315
967
971
1316
968
972
1317
969
973
1318
974
1319
971
975
1320
972
976
1321
973
977
1322
974
978
1323
979
1324
976
980
1325
977
981
1326
978
982
1327
979
983
1328
984
1329
981
985
1330
982
986
1331
983
987
1332
984
988
1333
989
1334
986
990
1335
987
991
1336
988
992
1337
989
993
1338
994
1339
991
995
1340
992
996
1341
993
997
1342
994
998
1343
999
1344
996
1000
1345
997
1001
1346
998
1002
1347
999
1003
1348
1004
1349
1001
1005
1350
1002
1006
1351
1003
1007
1352
1004
1008
1353
1009
1354
1006
1010
1355
1007
1011
1356
1008
1012
1357
1009
1013
1358
1014
1359
1011
1015
1360
1012
1016
1361
1013
1017
1362
1014
1018
1363
1019
1364
1016
1020
1365
1017
1021
1366
1018
1022
1367
1019
1023
1368
1024
1369
1021
1025
1370
1022
1026
1371
1023
1027
1372
1024
1028
1373
1029
1374
1026
1030
1375
1027
1031
1376
1028
1032
1377
1029
1033
1378
1034
1379
1031
1035
1380
1032
1036
1381
1033
1037
1382
1034
1038
1383
1039
1384
1036
1040
1385
1037
1041
1386
1038
1042
1387
1039
1043
1388
1044
1389
1041
1045
1390
1042
1046
1391
1043
1047
1392
1044
1048
1393
1049
1394
1046
1395
3050
1047
1396
3051
1048
1397
3052
1049
1398
3053
1399
3054
1051
1055
1400
1052
1056
1401
1053
1057
1402
1054
1058
1403
1059
1404
1056
1060
1405
1057
1061
1406
1058
1062
1407
1059
1063
1408
1064
1409
1061
1065
1410
1062
1066
1411
1063
1067
1412
1064
1068
1413
1069
1414
1066
1070
1415
1067
1071
1416
1068
1072
1417
1069
1073
1418
1074
1419
1071
1075
1420
1072
1076
1421
1073
1077
1422
1074
1078
1423
1079
1424
1076
1080
1425
1077
1081
1426
1078
1082
1427
1079
1083
1428
1084
1429
1081
1085
1430
1082
1086
1431
1083
1087
1432
1084
1088
1433
1089
1434
1086
1090
1435
1087
1091
1436
1088
1092
1437
1089
1093
1438
1094
1439
1091
1095
1440
1092
1096
1441
1093
1097
1442
1094
1098
1443
1099
1444
1096
1100
1445
1097
1101
1446
1098
1102
1447
1099
1103
1448
1104
1449
1101
1105
1450
1102
1106
1451
1103
1107
1452
1104
1108
1453
1109
1454
1106
1110
1455
1107
1111
1456
1108
1112
1457
1109
1113
1458
1114
1459
1111
1115
1460
1112
1116
1461
1113
1117
1462
1114
1118
1463
1119
1464
1116
1120
1465
1117
1121
1466
1118
1122
1467
1119
1123
1468
1124
1469
1121
1125
1470
1122
1126
1471
1123
1127
1472
1124
1128
1473
1129
1474
1126
1130
1475
1127
1131
1476
1128
1132
1477
1129
1133
1478
1134
1479
1131
1135
1480
1132
1136
1481
1133
1137
1482
1134
1138
1483
1139
1484
1136
1140
1485
1137
1141
1486
1138
1142
1487
1139
1143
1488
1144
1489
1141
1145
1490
1142
1146
1491
1143
1147
1492
1144
1148
1493
1149
1494
1146
1150
1495
1147
1151
1496
1148
1152
1497
1149
1153
1498
1154
1499
1151
1155
1500
1152
1156
1501
1153
1157
1502
1154
1158
1503
1159
1504
1156
1160
1505
1157
1161
1506
1158
1162
1507
1159
1163
1508
1164
1509
1161
1165
1510
1162
1166
1511
1163
1167
1512
1164
1168
1513
1169
1514
1166
1170
1515
1167
1171
1516
1168
1172
1517
1169
1173
1518
1174
1519
1171
1175
1520
1172
1176
1521
1173
1177
1522
1174
1178
1523
1179
1524
1176
1180
1525
1177
1181
1526
1178
1182
1527
1179
1183
1528
1184
1529
1181
1185
1530
1182
1186
1531
1183
1187
1532
1184
1188
1533
1189
1534
1186
1190
1535
1187
1191
1536
1188
1192
1537
1189
1193
1538
1194
1539
1191
1195
1540
1192
1196
1541
1193
1197
1542
1194
1198
1543
1199
1544
1196
1200
1545
1197
1201
1546
1198
1202
1547
1199
1203
1548
1204
1549
1201
1205
1550
1202
1206
1551
1203
1207
1552
1204
1208
1553
1209
1554
1206
1210
1555
1207
1211
1556
1208
1212
1557
1209
1213
1558
1214
1559
1211
1215
1560
1212
1216
1561
1213
1217
1562
1214
1218
1563
1219
1564
1216
1220
1565
1217
1221
1566
1218
1222
1567
1219
1223
1568
1224
1569
1221
1225
1570
1222
1226
1571
1223
1227
1572
1224
1228
1573
1229
1574
1226
1230
1575
1227
1231
1576
1228
1232
1577
1229
1233
1578
1234
1579
1231
1235
1580
1232
1236
1581
1233
1237
1582
1234
1238
1583
1239
1584
1236
1240
1585
1237
1241
1586
1238
1242
1587
1239
1243
1588
1244
1589
1241
1245
1590
1242
1246
1591
1243
1247
1592
1244
1248
1593
1249
1594
1246
1250
1595
1247
1251
1596
1248
1252
1597
1249
1253
1598
1254
1599
1251
1255
1600
1252
1256
1601
1253
1257
1602
1254
1258
1603
1259
1604
1256
1260
1605
1257
1261
1606
1258
1262
1607
1259
1263
1608
1264
1609
1261
1265
1610
1262
1266
1611
1263
1267
1612
1264
1268
1613
1269
1614
1266
1270
1615
1267
1271
1616
1268
1272
1617
1269
1273
1618
1274
1619
1271
1275
1620
1272
1276
1621
1273
1277
1622
1274
1278
1623
1279
1624
1276
1280
1625
1277
1281
1626
1278
1282
1627
1279
1283
1628
1284
1629
1281
1285
1630
1282
1286
1631
1283
1287
1632
1284
1288
1633
1289
1634
1286
1290
1635
1287
1291
1636
1288
1292
1637
1289
1293
1638
1294
1639
1291
1295
1640
1292
1296
1641
1293
1297
1642
1294
1298
1643
1299
1644
1296
1300
1645
1297
1301
1646
1298
1302
1647
1299
1303
1648
1304
1649
1301
1305
1650
1302
1306
1651
1303
1307
1652
1304
1308
1653
1309
1654
1306
1310
1655
1307
1311
1656
1308
1312
1657
1309
1313
1658
1314
1659
1311
1315
1660
1312
1316
1661
1313
1317
1662
1314
1318
1663
1319
1664
1316
1320
1665
1317
1321
1666
1318
1322
1667
1319
1323
1668
1324
1669
1321
1325
1670
1322
1326
1671
1323
1327
1672
1324
1328
1673
1329
1674
1326
1330
1675
1327
1331
1676
1328
1332
1677
1329
1333
1678
1334
1679
1331
1335
1680
1332
1336
1681
1333
1337
1682
1334
1338
1683
1339
1684
1336
1340
1685
1337
1341
1686
1338
1342
1687
1339
1343
1688
1344
1689
1341
1345
1690
1342
1346
1691
1343
1347
1692
1344
1348
1693
1349
1694
1346
1350
1695
1347
1351
1696
1348
1352
1697
1349
1353
1698
1354
1699
1351
1355
1700
1352
1356
1701
1353
1357
1702
1354
1358
1703
1359
1704
1356
1360
1705
1357
1361
1706
1358
1362
1707
1359
1363
1708
1364
1709
1361
1365
1710
1362
1366
1711
1363
1367
1712
1364
1368
1713
1369
1714
1366
1370
1715
1367
1371
1716
1368
1372
1717
1369
1373
1718
1374
1719
1371
1375
1720
1372
1376
1721
1373
1377
1722
1374
1378
1723
1379
1724
1376
1380
1725
1377
1381
1726
1378
1382
1727
1379
1383
1728
1384
1729
1381
1385
1730
1382
1386
1731
1383
1387
1732
1384
1388
1733
1389
1734
1386
1390
1735
1387
1391
1736
1388
1392
1737
1389
1393
1738
1394
1739
1391
1395
1740
1392
1396
1741
1393
1397
1742
1394
1398
1743
1399
1744
1396
1745
3700
1397
1746
3701
1398
1747
3702
1399
1748
3703
1749
3704
1401
1405
1402
1406
1403
1407
1404
1408
1409
1406
1410
1407
1411
1408
1412
1409
1413
1414
1411
1415
1412
1416
1413
1417
1414
1418
1419
1416
1420
1417
1421
1418
1422
1419
1423
1424
1421
1425
1422
1426
1423
1427
1424
1428
1429
1426
1430
1427
1431
1428
1432
1429
1433
1434
1431
1435
1432
1436
1433
1437
1434
1438
1439
1436
1440
1437
1441
1438
1442
1439
1443
1444
1441
1445
1442
1446
1443
1447
1444
1448
1449
1446
1450
1447
1451
1448
1452
1449
1453
1454
1451
1455
1452
1456
1453
1457
1454
1458
1459
1456
1460
1457
1461
1458
1462
1459
1463
1464
1461
1465
1462
1466
1463
1467
1464
1468
1469
1466
1470
1467
1471
1468
1472
1469
1473
1474
1471
1475
1472
1476
1473
1477
1474
1478
1479
1476
1480
1477
1481
1478
1482
1479
1483
1484
1481
1485
1482
1486
1483
1487
1484
1488
1489
1486
1490
1487
1491
1488
1492
1489
1493
1494
1491
1495
1492
1496
1493
1497
1494
1498
1499
1496
1500
1497
1501
1498
1502
1499
1503
1504
1501
1505
1502
1506
1503
1507
1504
1508
1509
1506
1510
1507
1511
1508
1512
1509
1513
1514
1511
1515
1512
1516
1513
1517
1514
1518
1519
1516
1520
1517
1521
1518
1522
1519
1523
1524
1521
1525
1522
1526
1523
1527
1524
1528
1529
1526
1530
1527
1531
1528
1532
1529
1533
1534
1531
1535
1532
1536
1533
1537
1534
1538
1539
1536
1540
1537
1541
1538
1542
1539
1543
1544
1541
1545
1542
1546
1543
1547
1544
1548
1549
1546
1550
1547
1551
1548
1552
1549
1553
1554
1551
1555
1552
1556
1553
1557
1554
1558
1559
1556
1560
1557
1561
1558
1562
1559
1563
1564
1561
1565
1562
1566
1563
1567
1564
1568
1569
1566
1570
1567
1571
1568
1572
1569
1573
1574
1571
1575
1572
1576
1573
1577
1574
1578
1579
1576
1580
1577
1581
1578
1582
1579
1583
1584
1581
1585
1582
1586
1583
1587
1584
1588
1589
1586
1590
1587
1591
1588
1592
1589
1593
1594
1591
1595
1592
1596
1593
1597
1594
1598
1599
1596
1600
1597
1601
1598
1602
1599
1603
1604
1601
1605
1602
1606
1603
1607
1604
1608
1609
1606
1610
1607
1611
1608
1612
1609
1613
1614
1611
1615
1612
1616
1613
1617
1614
1618
1619
1616
1620
1617
1621
1618
1622
1619
1623
1624
1621
1625
1622
1626
1623
1627
1624
1628
1629
1626
1630
1627
1631
1628
1632
1629
1633
1634
1631
1635
1632
1636
1633
1637
1634
1638
1639
1636
1640
1637
1641
1638
1642
1639
1643
1644
1641
1645
1642
1646
1643
1647
1644
1648
1649
1646
1650
1647
1651
1648
1652
1649
1653
1654
1651
1655
1652
1656
1653
1657
1654
1658
1659
1656
1660
1657
1661
1658
1662
1659
1663
1664
1661
1665
1662
1666
1663
1667
1664
1668
1669
1666
1670
1667
1671
1668
1672
1669
1673
1674
1671
1675
1672
1676
1673
1677
1674
1678
1679
1676
1680
1677
1681
1678
1682
1679
1683
1684
1681
1685
1682
1686
1683
1687
1684
1688
1689
1686
1690
1687
1691
1688
1692
1689
1693
1694
1691
1695
1692
1696
1693
1697
1694
1698
1699
1696
1700
1697
1701
1698
1702
1699
1703
1704
1701
1705
1702
1706
1703
1707
1704
1708
1709
1706
1710
1707
1711
1708
1712
1709
1713
1714
1711
1715
1712
1716
1713
1717
1714
1718
1719
1716
1720
1717
1721
1718
1722
1719
1723
1724
1721
1725
1722
1726
1723
1727
1724
1728
1729
1726
1730
1727
1731
1728
1732
1729
1733
1734
1731
1735
1732
1736
1733
1737
1734
1738
1739
1736
1740
1737
1741
1738
1742
1739
1743
1744
1741
1745
1742
1746
1743
1747
1744
1748
1749
1746
4350
1747
4351
1748
4352
1749
4353
4354
1751
1755
2400
1752
1756
2401
1753
1757
2402
1754
1758
2403
1759
2404
1756
1760
2405
1757
1761
2406
1758
1762
2407
1759
1763
2408
1764
2409
1761
1765
2410
1762
1766
2411
1763
1767
2412
1764
1768
2413
1769
2414
1766
1770
2415
1767
1771
2416
1768
1772
2417
1769
1773
2418
1774
2419
1771
1775
2420
1772
1776
2421
1773
1777
2422
1774
1778
2423
1779
2424
1776
1780
2425
1777
1781
2426
1778
1782
2427
1779
1783
2428
1784
2429
1781
1785
2430
1782
1786
2431
1783
1787
2432
1784
1788
2433
1789
2434
1786
1790
2435
1787
1791
2436
1788
1792
2437
1789
1793
2438
1794
2439
1791
1795
2440
1792
1796
2441
1793
1797
2442
1794
1798
2443
1799
2444
1796
1800
2445
1797
1801
2446
1798
1802
2447
1799
1803
2448
1804
2449
1801
1805
2450
1802
1806
2451
1803
1807
2452
1804
1808
2453
1809
2454
1806
1810
2455
1807
1811
2456
1808
1812
2457
1809
1813
2458
1814
2459
1811
1815
2460
1812
1816
2461
1813
1817
2462
1814
1818
2463
1819
2464
1816
1820
2465
1817
1821
2466
1818
1822
2467
1819
1823
2468
1824
2469
1821
1825
2470
1822
1826
2471
1823
1827
2472
1824
1828
2473
1829
2474
1826
1830
2475
1827
1831
2476
1828
1832
2477
1829
1833
2478
1834
2479
1831
1835
2480
1832
1836
2481
1833
1837
2482
1834
1838
2483
1839
2484
1836
1840
2485
1837
1841
2486
1838
1842
2487
1839
1843
2488
1844
2489
1841
1845
2490
1842
1846
2491
1843
1847
2492
1844
1848
2493
1849
2494
1846
1850
2495
1847
1851
2496
1848
1852
2497
1849
1853
2498
1854
2499
1851
1855
2500
1852
1856
2501
1853
1857
2502
1854
1858
2503
1859
2504
1856
1860
2505
1857
1861
2506
1858
1862
2507
1859
1863
2508
1864
2509
1861
1865
2510
1862
1866
2511
1863
1867
2512
1864
1868
2513
1869
2514
1866
1870
2515
1867
1871
2516
1868
1872
2517
1869
1873
2518
1874
2519
1871
1875
2520
1872
1876
2521
1873
1877
2522
1874
1878
2523
1879
2524
1876
1880
2525
1877
1881
2526
1878
1882
2527
1879
1883
2528
1884
2529
1881
1885
2530
1882
1886
2531
1883
1887
2532
1884
1888
2533
1889
2534
1886
1890
2535
1887
1891
2536
1888
1892
2537
1889
1893
2538
1894
2539
1891
1895
2540
1892
1896
2541
1893
1897
2542
1894
1898
2543
1899
2544
1896
1900
2545
1897
1901
2546
1898
1902
2547
1899
1903
2548
1904
2549
1901
1905
2550
1902
1906
2551
1903
1907
2552
1904
1908
2553
1909
2554
1906
1910
2555
1907
1911
2556
1908
1912
2557
1909
1913
2558
1914
2559
1911
1915
2560
1912
1916
2561
1913
1917
2562
1914
1918
2563
1919
2564
1916
1920
2565
1917
1921
2566
1918
1922
2567
1919
1923
2568
1924
2569
1921
1925
2570
1922
1926
2571
1923
1927
2572
1924
1928
2573
1929
2574
1926
1930
2575
1927
1931
2576
1928
1932
2577
1929
1933
2578
1934
2579
1931
1935
2580
1932
1936
2581
1933
1937
2582
1934
1938
2583
1939
2584
1936
1940
2585
1937
1941
2586
1938
1942
2587
1939
1943
2588
1944
2589
1941
1945
2590
1942
1946
2591
1943
1947
2592
1944
1948
2593
1949
2594
1946
1950
2595
1947
1951
2596
1948
1952
2597
1949
1953
2598
1954
2599
1951
1955
2600
1952
1956
2601
1953
1957
2602
1954
1958
2603
1959
2604
1956
1960
2605
1957
1961
2606
1958
1962
2607
1959
1963
2608
1964
2609
1961
1965
2610
1962
1966
2611
1963
1967
2612
1964
1968
2613
1969
2614
1966
1970
2615
1967
1971
2616
1968
1972
2617
1969
1973
2618
1974
2619
1971
1975
2620
1972
1976
2621
1973
1977
2622
1974
1978
2623
1979
2624
1976
1980
2625
1977
1981
2626
1978
1982
2627
1979
1983
2628
1984
2629
1981
1985
2630
1982
1986
2631
1983
1987
2632
1984
1988
2633
1989
2634
1986
1990
2635
1987
1991
2636
1988
1992
2637
1989
1993
2638
1994
2639
1991
1995
2640
1992
1996
2641
1993
1997
2642
1994
1998
2643
1999
2644
1996
2000
2645
1997
2001
2646
1998
2002
2647
1999
2003
2648
2004
2649
2001
2005
2650
2002
2006
2651
2003
2007
2652
2004
2008
2653
2009
2654
2006
2010
2655
2007
2011
2656
2008
2012
2657
2009
2013
2658
2014
2659
2011
2015
2660
2012
2016
2661
2013
2017
2662
2014
2018
2663
2019
2664
2016
2020
2665
2017
2021
2666
2018
2022
2667
2019
2023
2668
2024
2669
2021
2025
2670
2022
2026
2671
2023
2027
2672
2024
2028
2673
2029
2674
2026
2030
2675
2027
2031
2676
2028
2032
2677
2029
2033
2678
2034
2679
2031
2035
2680
2032
2036
2681
2033
2037
2682
2034
2038
2683
2039
2684
2036
2040
2685
2037
2041
2686
2038
2042
2687
2039
2043
2688
2044
2689
2041
2045
2690
2042
2046
2691
2043
2047
2692
2044
2048
2693
2049
2694
2046
2050
2695
2047
2051
2696
2048
2052
2697
2049
2053
2698
2054
2699
2051
2055
2700
2052
2056
2701
2053
2057
2702
2054
2058
2703
2059
2704
2056
2060
2705
2057
2061
2706
2058
2062
2707
2059
2063
2708
2064
2709
2061
2065
2710
2062
2066
2711
2063
2067
2712
2064
2068
2713
2069
2714
2066
2070
2715
2067
2071
2716
2068
2072
2717
2069
2073
2718
2074
2719
2071
2075
2720
2072
2076
2721
2073
2077
2722
2074
2078
2723
2079
2724
2076
2080
2725
2077
2081
2726
2078
2082
2727
2079
2083
2728
2084
2729
2081
2085
2730
2082
2086
2731
2083
2087
2732
2084
2088
2733
2089
2734
2086
2090
2735
2087
2091
2736
2088
2092
2737
2089
2093
2738
2094
2739
2091
2095
2740
2092
2096
2741
2093
2097
2742
2094
2098
2743
2099
2744
2096
2100
2745
2097
2101
2746
2098
2102
2747
2099
2103
2748
2104
2749
2101
2105
2750
2102
2106
2751
2103
2107
2752
2104
2108
2753
2109
2754
2106
2110
2755
2107
2111
2756
2108
2112
2757
2109
2113
2758
2114
2759
2111
2115
2760
2112
2116
2761
2113
2117
2762
2114
2118
2763
2119
2764
2116
2120
2765
2117
2121
2766
2118
2122
2767
2119
2123
2768
2124
2769
2121
2125
2770
2122
2126
2771
2123
2127
2772
2124
2128
2773
2129
2774
2126
2130
2775
2127
2131
2776
2128
2132
2777
2129
2133
2778
2134
2779
2131
2135
2780
2132
2136
2781
2133
2137
2782
2134
2138
2783
2139
2784
2136
2140
2785
2137
2141
2786
2138
2142
2787
2139
2143
2788
2144
2789
2141
2145
2790
2142
2146
2791
2143
2147
2792
2144
2148
2793
2149
2794
2146
2150
2795
2147
2151
2796
2148
2152
2797
2149
2153
2798
2154
2799
2151
2155
2800
2152
2156
2801
2153
2157
2802
2154
2158
2803
2159
2804
2156
2160
2805
2157
2161
2806
2158
2162
2807
2159
2163
2808
2164
2809
2161
2165
2810
2162
2166
2811
2163
2167
2812
2164
2168
2813
2169
2814
2166
2170
2815
2167
2171
2816
2168
2172
2817
2169
2173
2818
2174
2819
2171
2175
2820
2172
2176
2821
2173
2177
2822
2174
2178
2823
2179
2824
2176
2180
2825
2177
2181
2826
2178
2182
2827
2179
2183
2828
2184
2829
2181
2185
2830
2182
2186
2831
2183
2187
2832
2184
2188
2833
2189
2834
2186
2190
2835
2187
2191
2836
2188
2192
2837
2189
2193
2838
2194
2839
2191
2195
2840
2192
2196
2841
2193
2197
2842
2194
2198
2843
2199
2844
2196
2200
2845
2197
2201
2846
2198
2202
2847
2199
2203
2848
2204
2849
2201
2205
2850
2202
2206
2851
2203
2207
2852
2204
2208
2853
2209
2854
2206
2210
2855
2207
2211
2856
2208
2212
2857
2209
2213
2858
2214
2859
2211
2215
2860
2212
2216
2861
2213
2217
2862
2214
2218
2863
2219
2864
2216
2220
2865
2217
2221
2866
2218
2222
2867
2219
2223
2868
2224
2869
2221
2225
2870
2222
2226
2871
2223
2227
2872
2224
2228
2873
2229
2874
2226
2230
2875
2227
2231
2876
2228
2232
2877
2229
2233
2878
2234
2879
2231
2235
2880
2232
2236
2881
2233
2237
2882
2234
2238
2883
2239
2884
2236
2240
2885
2237
2241
2886
2238
2242
2887
2239
2243
2888
2244
2889
2241
2245
2890
2242
2246
2891
2243
2247
2892
2244
2248
2893
2249
2894
2246
2250
2895
2247
2251
2896
2248
2252
2897
2249
2253
2898
2254
2899
2251
2255
2900
2252
2256
2901
2253
2257
2902
2254
2258
2903
2259
2904
2256
2260
2905
2257
2261
2906
2258
2262
2907
2259
2263
2908
2264
2909
2261
2265
2910
2262
2266
2911
2263
2267
2912
2264
2268
2913
2269
2914
2266
2270
2915
2267
2271
2916
2268
2272
2917
2269
2273
2918
2274
2919
2271
2275
2920
2272
2276
2921
2273
2277
2922
2274
2278
2923
2279
2924
2276
2280
2925
2277
2281
2926
2278
2282
2927
2279
2283
2928
2284
2929
2281
2285
2930
2282
2286
2931
2283
2287
2932
2284
2288
2933
2289
2934
2286
2290
2935
2287
2291
2936
2288
2292
2937
2289
2293
2938
2294
2939
2291
2295
2940
2292
2296
2941
2293
2297
2942
2294
2298
2943
2299
2944
2296
2300
2945
2297
2301
2946
2298
2302
2947
2299
2303
2948
2304
2949
2301
2305
2950
2302
2306
2951
2303
2307
2952
2304
2308
2953
2309
2954
2306
2310
2955
2307
2311
2956
2308
2312
2957
2309
2313
2958
2314
2959
2311
2315
2960
2312
2316
2961
2313
2317
2962
2314
2318
2963
2319
2964
2316
2320
2965
2317
2321
2966
2318
2322
2967
2319
2323
2968
2324
2969
2321
2325
2970
2322
2326
2971
2323
2327
2972
2324
2328
2973
2329
2974
2326
2330
2975
2327
2331
2976
2328
2332
2977
2329
2333
2978
2334
2979
2331
2335
2980
2332
2336
2981
2333
2337
2982
2334
2338
2983
2339
2984
2336
2340
2985
2337
2341
2986
2338
2342
2987
2339
2343
2988
2344
2989
2341
2345
2990
2342
2346
2991
2343
2347
2992
2344
2348
2993
2349
2994
2346
2350
2995
2347
2351
2996
2348
2352
2997
2349
2353
2998
2354
2999
2351
2355
3000
2352
2356
3001
2353
2357
3002
2354
2358
3003
2359
3004
2356
2360
3005
2357
2361
3006
2358
2362
3007
2359
2363
3008
2364
3009
2361
2365
3010
2362
2366
3011
2363
2367
3012
2364
2368
3013
2369
3014
2366
2370
3015
2367
2371
3016
2368
2372
3017
2369
2373
3018
2374
3019
2371
2375
3020
2372
2376
3021
2373
2377
3022
2374
2378
3023
2379
3024
2376
2380
3025
2377
2381
3026
2378
2382
3027
2379
2383
3028
2384
3029
2381
2385
3030
2382
2386
3031
2383
2387
3032
2384
2388
3033
2389
3034
2386
2390
3035
2387
2391
3036
2388
2392
3037
2389
2393
3038
2394
3039
2391
2395
3040
2392
2396
3041
2393
2397
3042
2394
2398
3043
2399
3044
2396
3045
2397
3046
2398
3047
2399
3048
3049
2401
2405
3050
2402
2406
3051
2403
2407
3052
2404
2408
3053
2409
3054
2406
2410
3055
2407
2411
3056
2408
2412
3057
2409
2413
3058
2414
3059
2411
2415
3060
2412
2416
3061
2413
2417
3062
2414
2418
3063
2419
3064
2416
2420
3065
2417
2421
3066
2418
2422
3067
2419
2423
3068
2424
3069
2421
2425
3070
2422
2426
3071
2423
2427
3072
2424
2428
3073
2429
3074
2426
2430
3075
2427
2431
3076
2428
2432
3077
2429
2433
3078
2434
3079
2431
2435
3080
2432
2436
3081
2433
2437
3082
2434
2438
3083
2439
3084
2436
2440
3085
2437
2441
3086
2438
2442
3087
2439
2443
3088
2444
3089
2441
2445
3090
2442
2446
3091
2443
2447
3092
2444
2448
3093
2449
3094
2446
2450
3095
2447
2451
3096
2448
2452
3097
2449
2453
3098
2454
3099
2451
2455
3100
2452
2456
3101
2453
2457
3102
2454
2458
3103
2459
3104
2456
2460
3105
2457
2461
3106
2458
2462
3107
2459
2463
3108
2464
3109
2461
2465
3110
2462
2466
3111
2463
2467
3112
2464
2468
3113
2469
3114
2466
2470
3115
2467
2471
3116
2468
2472
3117
2469
2473
3118
2474
3119
2471
2475
3120
2472
2476
3121
2473
2477
3122
2474
2478
3123
2479
3124
2476
2480
3125
2477
2481
3126
2478
2482
3127
2479
2483
3128
2484
3129
2481
2485
3130
2482
2486
3131
2483
2487
3132
2484
2488
3133
2489
3134
2486
2490
3135
2487
2491
3136
2488
2492
3137
2489
2493
3138
2494
3139
2491
2495
3140
2492
2496
3141
2493
2497
3142
2494
2498
3143
2499
3144
2496
2500
3145
2497
2501
3146
2498
2502
3147
2499
2503
3148
2504
3149
2501
2505
3150
2502
2506
3151
2503
2507
3152
2504
2508
3153
2509
3154
2506
2510
3155
2507
2511
3156
2508
2512
3157
2509
2513
3158
2514
3159
2511
2515
3160
2512
2516
3161
2513
2517
3162
2514
2518
3163
2519
3164
2516
2520
3165
2517
2521
3166
2518
2522
3167
2519
2523
3168
2524
3169
2521
2525
3170
2522
2526
3171
2523
2527
3172
2524
2528
3173
2529
3174
2526
2530
3175
2527
2531
3176
2528
2532
3177
2529
2533
3178
2534
3179
2531
2535
3180
2532
2536
3181
2533
2537
3182
2534
2538
3183
2539
3184
2536
2540
3185
2537
2541
3186
2538
2542
3187
2539
2543
3188
2544
3189
2541
2545
3190
2542
2546
3191
2543
2547
3192
2544
2548
3193
2549
3194
2546
2550
3195
2547
2551
3196
2548
2552
3197
2549
2553
3198
2554
3199
2551
2555
3200
2552
2556
3201
2553
2557
3202
2554
2558
3203
2559
3204
2556
2560
3205
2557
2561
3206
2558
2562
3207
2559
2563
3208
2564
3209
2561
2565
3210
2562
2566
3211
2563
2567
3212
2564
2568
3213
2569
3214
2566
2570
3215
2567
2571
3216
2568
2572
3217
2569
2573
3218
2574
3219
2571
2575
3220
2572
2576
3221
2573
2577
3222
2574
2578
3223
2579
3224
2576
2580
3225
2577
2581
3226
2578
2582
3227
2579
2583
3228
2584
3229
2581
2585
3230
2582
2586
3231
2583
2587
3232
2584
2588
3233
2589
3234
2586
2590
3235
2587
2591
3236
2588
2592
3237
2589
2593
3238
2594
3239
2591
2595
3240
2592
2596
3241
2593
2597
3242
2594
2598
3243
2599
3244
2596
2600
3245
2597
2601
3246
2598
2602
3247
2599
2603
3248
2604
3249
2601
2605
3250
2602
2606
3251
2603
2607
3252
2604
2608
3253
2609
3254
2606
2610
3255
2607
2611
3256
2608
2612
3257
2609
2613
3258
2614
3259
2611
2615
3260
2612
2616
3261
2613
2617
3262
2614
2618
3263
2619
3264
2616
2620
3265
2617
2621
3266
2618
2622
3267
2619
2623
3268
2624
3269
2621
2625
3270
2622
2626
3271
2623
2627
3272
2624
2628
3273
2629
3274
2626
2630
3275
2627
2631
3276
2628
2632
3277
2629
2633
3278
2634
3279
2631
2635
3280
2632
2636
3281
2633
2637
3282
2634
2638
3283
2639
3284
2636
2640
3285
2637
2641
3286
2638
2642
3287
2639
2643
3288
2644
3289
2641
2645
3290
2642
2646
3291
2643
2647
3292
2644
2648
3293
2649
3294
2646
2650
3295
2647
2651
3296
2648
2652
3297
2649
2653
3298
2654
3299
2651
2655
3300
2652
2656
3301
2653
2657
3302
2654
2658
3303
2659
3304
2656
2660
3305
2657
2661
3306
2658
2662
3307
2659
2663
3308
2664
3309
2661
2665
3310
2662
2666
3311
2663
2667
3312
2664
2668
3313
2669
3314
2666
2670
3315
2667
2671
3316
2668
2672
3317
2669
2673
3318
2674
3319
2671
2675
3320
2672
2676
3321
2673
2677
3322
2674
2678
3323
2679
3324
2676
2680
3325
2677
2681
3326
2678
2682
3327
2679
2683
3328
2684
3329
2681
2685
3330
2682
2686
3331
2683
2687
3332
2684
2688
3333
2689
3334
2686
2690
3335
2687
2691
3336
2688
2692
3337
2689
2693
3338
2694
3339
2691
2695
3340
2692
2696
3341
2693
2697
3342
2694
2698
3343
2699
3344
2696
2700
3345
2697
2701
3346
2698
2702
3347
2699
2703
3348
2704
3349
2701
2705
3350
2702
2706
3351
2703
2707
3352
2704
2708
3353
2709
3354
2706
2710
3355
2707
2711
3356
2708
2712
3357
2709
2713
3358
2714
3359
2711
2715
3360
2712
2716
3361
2713
2717
3362
2714
2718
3363
2719
3364
2716
2720
3365
2717
2721
3366
2718
2722
3367
2719
2723
3368
2724
3369
2721
2725
3370
2722
2726
3371
2723
2727
3372
2724
2728
3373
2729
3374
2726
2730
3375
2727
2731
3376
2728
2732
3377
2729
2733
3378
2734
3379
2731
2735
3380
2732
2736
3381
2733
2737
3382
2734
2738
3383
2739
3384
2736
2740
3385
2737
2741
3386
2738
2742
3387
2739
2743
3388
2744
3389
2741
2745
3390
2742
2746
3391
2743
2747
3392
2744
2748
3393
2749
3394
2746
2750
3395
2747
2751
3396
2748
2752
3397
2749
2753
3398
2754
3399
2751
2755
3400
2752
2756
3401
2753
2757
3402
2754
2758
3403
2759
3404
2756
2760
3405
2757
2761
3406
2758
2762
3407
2759
2763
3408
2764
3409
2761
2765
3410
2762
2766
3411
2763
2767
3412
2764
2768
3413
2769
3414
2766
2770
3415
2767
2771
3416
2768
2772
3417
2769
2773
3418
2774
3419
2771
2775
3420
2772
2776
3421
2773
2777
3422
2774
2778
3423
2779
3424
2776
2780
3425
2777
2781
3426
2778
2782
3427
2779
2783
3428
2784
3429
2781
2785
3430
2782
2786
3431
2783
2787
3432
2784
2788
3433
2789
3434
2786
2790
3435
2787
2791
3436
2788
2792
3437
2789
2793
3438
2794
3439
2791
2795
3440
2792
2796
3441
2793
2797
3442
2794
2798
3443
2799
3444
2796
2800
3445
2797
2801
3446
2798
2802
3447
2799
2803
3448
2804
3449
2801
2805
3450
2802
2806
3451
2803
2807
3452
2804
2808
3453
2809
3454
2806
2810
3455
2807
2811
3456
2808
2812
3457
2809
2813
3458
2814
3459
2811
2815
3460
2812
2816
3461
2813
2817
3462
2814
2818
3463
2819
3464
2816
2820
3465
2817
2821
3466
2818
2822
3467
2819
2823
3468
2824
3469
2821
2825
3470
2822
2826
3471
2823
2827
3472
2824
2828
3473
2829
3474
2826
2830
3475
2827
2831
3476
2828
2832
3477
2829
2833
3478
2834
3479
2831
2835
3480
2832
2836
3481
2833
2837
3482
2834
2838
3483
2839
3484
2836
2840
3485
2837
2841
3486
2838
2842
3487
2839
2843
3488
2844
3489
2841
2845
3490
2842
2846
3491
2843
2847
3492
2844
2848
3493
2849
3494
2846
2850
3495
2847
2851
3496
2848
2852
3497
2849
2853
3498
2854
3499
2851
2855
3500
2852
2856
3501
2853
2857
3502
2854
2858
3503
2859
3504
2856
2860
3505
2857
2861
3506
2858
2862
3507
2859
2863
3508
2864
3509
2861
2865
3510
2862
2866
3511
2863
2867
3512
2864
2868
3513
2869
3514
2866
2870
3515
2867
2871
3516
2868
2872
3517
2869
2873
3518
2874
3519
2871
2875
3520
2872
2876
3521
2873
2877
3522
2874
2878
3523
2879
3524
2876
2880
3525
2877
2881
3526
2878
2882
3527
2879
2883
3528
2884
3529
2881
2885
3530
2882
2886
3531
2883
2887
3532
2884
2888
3533
2889
3534
2886
2890
3535
2887
2891
3536
2888
2892
3537
2889
2893
3538
2894
3539
2891
2895
3540
2892
2896
3541
2893
2897
3542
2894
2898
3543
2899
3544
2896
2900
3545
2897
2901
3546
2898
2902
3547
2899
2903
3548
2904
3549
2901
2905
3550
2902
2906
3551
2903
2907
3552
2904
2908
3553
2909
3554
2906
2910
3555
2907
2911
3556
2908
2912
3557
2909
2913
3558
2914
3559
2911
2915
3560
2912
2916
3561
2913
2917
3562
2914
2918
3563
2919
3564
2916
2920
3565
2917
2921
3566
2918
2922
3567
2919
2923
3568
2924
3569
2921
2925
3570
2922
2926
3571
2923
2927
3572
2924
2928
3573
2929
3574
2926
2930
3575
2927
2931
3576
2928
2932
3577
2929
2933
3578
2934
3579
2931
2935
3580
2932
2936
3581
2933
2937
3582
2934
2938
3583
2939
3584
2936
2940
3585
2937
2941
3586
2938
2942
3587
2939
2943
3588
2944
3589
2941
2945
3590
2942
2946
3591
2943
2947
3592
2944
2948
3593
2949
3594
2946
2950
3595
2947
2951
3596
2948
2952
3597
2949
2953
3598
2954
3599
2951
2955
3600
2952
2956
3601
2953
2957
3602
2954
2958
3603
2959
3604
2956
2960
3605
2957
2961
3606
2958
2962
3607
2959
2963
3608
2964
3609
2961
2965
3610
2962
2966
3611
2963
2967
3612
2964
2968
3613
2969
3614
2966
2970
3615
2967
2971
3616
2968
2972
3617
2969
2973
3618
2974
3619
2971
2975
3620
2972
2976
3621
2973
2977
3622
2974
2978
3623
2979
3624
2976
2980
3625
2977
2981
3626
2978
2982
3627
2979
2983
3628
2984
3629
2981
2985
3630
2982
2986
3631
2983
2987
3632
2984
2988
3633
2989
3634
2986
2990
3635
2987
2991
3636
2988
2992
3637
2989
2993
3638
2994
3639
2991
2995
3640
2992
2996
3641
2993
2997
3642
2994
2998
3643
2999
3644
2996
3000
3645
2997
3001
3646
2998
3002
3647
2999
3003
3648
3004
3649
3001
3005
3650
3002
3006
3651
3003
3007
3652
3004
3008
3653
3009
3654
3006
3010
3655
3007
3011
3656
3008
3012
3657
3009
3013
3658
3014
3659
3011
3015
3660
3012
3016
3661
3013
3017
3662
3014
3018
3663
3019
3664
3016
3020
3665
3017
3021
3666
3018
3022
3667
3019
3023
3668
3024
3669
3021
3025
3670
3022
3026
3671
3023
3027
3672
3024
3028
3673
3029
3674
3026
3030
3675
3027
3031
3676
3028
3032
3677
3029
3033
3678
3034
3679
3031
3035
3680
3032
3036
3681
3033
3037
3682
3034
3038
3683
3039
3684
3036
3040
3685
3037
3041
3686
3038
3042
3687
3039
3043
3688
3044
3689
3041
3045
3690
3042
3046
3691
3043
3047
3692
3044
3048
3693
3049
3694
3046
3695
3047
3696
3048
3697
3049
3698
3699
3051
3055
3700
3052
3056
3701
3053
3057
3702
3054
3058
3703
3059
3704
3056
3060
3705
3057
3061
3706
3058
3062
3707
3059
3063
3708
3064
3709
3061
3065
3710
3062
3066
3711
3063
3067
3712
3064
3068
3713
3069
3714
3066
3070
3715
3067
3071
3716
3068
3072
3717
3069
3073
3718
3074
3719
3071
3075
3720
3072
3076
3721
3073
3077
3722
3074
3078
3723
3079
3724
3076
3080
3725
3077
3081
3726
3078
3082
3727
3079
3083
3728
3084
3729
3081
3085
3730
3082
3086
3731
3083
3087
3732
3084
3088
3733
3089
3734
3086
3090
3735
3087
3091
3736
3088
3092
3737
3089
3093
3738
3094
3739
3091
3095
3740
3092
3096
3741
3093
3097
3742
3094
3098
3743
3099
3744
3096
3100
3745
3097
3101
3746
3098
3102
3747
3099
3103
3748
3104
3749
3101
3105
3750
3102
3106
3751
3103
3107
3752
3104
3108
3753
3109
3754
3106
3110
3755
3107
3111
3756
3108
3112
3757
3109
3113
3758
3114
3759
3111
3115
3760
3112
3116
3761
3113
3117
3762
3114
3118
3763
3119
3764
3116
3120
3765
3117
3121
3766
3118
3122
3767
3119
3123
3768
3124
3769
3121
3125
3770
3122
3126
3771
3123
3127
3772
3124
3128
3773
3129
3774
3126
3130
3775
3127
3131
3776
3128
3132
3777
3129
3133
3778
3134
3779
3131
3135
3780
3132
3136
3781
3133
3137
3782
3134
3138
3783
3139
3784
3136
3140
3785
3137
3141
3786
3138
3142
3787
3139
3143
3788
3144
3789
3141
3145
3790
3142
3146
3791
3143
3147
3792
3144
3148
3793
3149
3794
3146
3150
3795
3147
3151
3796
3148
3152
3797
3149
3153
3798
3154
3799
3151
3155
3800
3152
3156
3801
3153
3157
3802
3154
3158
3803
3159
3804
3156
3160
3805
3157
3161
3806
3158
3162
3807
3159
3163
3808
3164
3809
3161
3165
3810
3162
3166
3811
3163
3167
3812
3164
3168
3813
3169
3814
3166
3170
3815
3167
3171
3816
3168
3172
3817
3169
3173
3818
3174
3819
3171
3175
3820
3172
3176
3821
3173
3177
3822
3174
3178
3823
3179
3824
3176
3180
3825
3177
3181
3826
3178
3182
3827
3179
3183
3828
3184
3829
3181
3185
3830
3182
3186
3831
3183
3187
3832
3184
3188
3833
3189
3834
3186
3190
3835
3187
3191
3836
3188
3192
3837
3189
3193
3838
3194
3839
3191
3195
3840
3192
3196
3841
3193
3197
3842
3194
3198
3843
3199
3844
3196
3200
3845
3197
3201
3846
3198
3202
3847
3199
3203
3848
3204
3849
3201
3205
3850
3202
3206
3851
3203
3207
3852
3204
3208
3853
3209
3854
3206
3210
3855
3207
3211
3856
3208
3212
3857
3209
3213
3858
3214
3859
3211
3215
3860
3212
3216
3861
3213
3217
3862
3214
3218
3863
3219
3864
3216
3220
3865
3217
3221
3866
3218
3222
3867
3219
3223
3868
3224
3869
3221
3225
3870
3222
3226
3871
3223
3227
3872
3224
3228
3873
3229
3874
3226
3230
3875
3227
3231
3876
3228
3232
3877
3229
3233
3878
3234
3879
3231
3235
3880
3232
3236
3881
3233
3237
3882
3234
3238
3883
3239
3884
3236
3240
3885
3237
3241
3886
3238
3242
3887
3239
3243
3888
3244
3889
3241
3245
3890
3242
3246
3891
3243
3247
3892
3244
3248
3893
3249
3894
3246
3250
3895
3247
3251
3896
3248
3252
3897
3249
3253
3898
3254
3899
3251
3255
3900
3252
3256
3901
3253
3257
3902
3254
3258
3903
3259
3904
3256
3260
3905
3257
3261
3906
3258
3262
3907
3259
3263
3908
3264
3909
3261
3265
3910
3262
3266
3911
3263
3267
3912
3264
3268
3913
3269
3914
3266
3270
3915
3267
3271
3916
3268
3272
3917
3269
3273
3918
3274
3919
3271
3275
3920
3272
3276
3921
3273
3277
3922
3274
3278
3923
3279
3924
3276
3280
3925
3277
3281
3926
3278
3282
3927
3279
3283
3928
3284
3929
3281
3285
3930
3282
3286
3931
3283
3287
3932
3284
3288
3933
3289
3934
3286
3290
3935
3287
3291
3936
3288
3292
3937
3289
3293
3938
3294
3939
3291
3295
3940
3292
3296
3941
3293
3297
3942
3294
3298
3943
3299
3944
3296
3300
3945
3297
3301
3946
3298
3302
3947
3299
3303
3948
3304
3949
3301
3305
3950
3302
3306
3951
3303
3307
3952
3304
3308
3953
3309
3954
3306
3310
3955
3307
3311
3956
3308
3312
3957
3309
3313
3958
3314
3959
3311
3315
3960
3312
3316
3961
3313
3317
3962
3314
3318
3963
3319
3964
3316
3320
3965
3317
3321
3966
3318
3322
3967
3319
3323
3968
3324
3969
3321
3325
3970
3322
3326
3971
3323
3327
3972
3324
3328
3973
3329
3974
3326
3330
3975
3327
3331
3976
3328
3332
3977
3329
3333
3978
3334
3979
3331
3335
3980
3332
3336
3981
3333
3337
3982
3334
3338
3983
3339
3984
3336
3340
3985
3337
3341
3986
3338
3342
3987
3339
3343
3988
3344
3989
3341
3345
3990
3342
3346
3991
3343
3347
3992
3344
3348
3993
3349
3994
3346
3350
3995
3347
3351
3996
3348
3352
3997
3349
3353
3998
3354
3999
3351
3355
4000
3352
3356
4001
3353
3357
4002
3354
3358
4003
3359
4004
3356
3360
4005
3357
3361
4006
3358
3362
4007
3359
3363
4008
3364
4009
3361
3365
4010
3362
3366
4011
3363
3367
4012
3364
3368
4013
3369
4014
3366
3370
4015
3367
3371
4016
3368
3372
4017
3369
3373
4018
3374
4019
3371
3375
4020
3372
3376
4021
3373
3377
4022
3374
3378
4023
3379
4024
3376
3380
4025
3377
3381
4026
3378
3382
4027
3379
3383
4028
3384
4029
3381
3385
4030
3382
3386
4031
3383
3387
4032
3384
3388
4033
3389
4034
3386
3390
4035
3387
3391
4036
3388
3392
4037
3389
3393
4038
3394
4039
3391
3395
4040
3392
3396
4041
3393
3397
4042
3394
3398
4043
3399
4044
3396
3400
4045
3397
3401
4046
3398
3402
4047
3399
3403
4048
3404
4049
3401
3405
4050
3402
3406
4051
3403
3407
4052
3404
3408
4053
3409
4054
3406
3410
4055
3407
3411
4056
3408
3412
4057
3409
3413
4058
3414
4059
3411
3415
4060
3412
3416
4061
3413
3417
4062
3414
3418
4063
3419
4064
3416
3420
4065
3417
3421
4066
3418
3422
4067
3419
3423
4068
3424
4069
3421
3425
4070
3422
3426
4071
3423
3427
4072
3424
3428
4073
3429
4074
3426
3430
4075
3427
3431
4076
3428
3432
4077
3429
3433
4078
3434
4079
3431
3435
4080
3432
3436
4081
3433
3437
4082
3434
3438
4083
3439
4084
3436
3440
4085
3437
3441
4086
3438
3442
4087
3439
3443
4088
3444
4089
3441
3445
4090
3442
3446
4091
3443
3447
4092
3444
3448
4093
3449
4094
3446
3450
4095
3447
3451
4096
3448
3452
4097
3449
3453
4098
3454
4099
3451
3455
4100
3452
3456
4101
3453
3457
4102
3454
3458
4103
3459
4104
3456
3460
4105
3457
3461
4106
3458
3462
4107
3459
3463
4108
3464
4109
3461
3465
4110
3462
3466
4111
3463
3467
4112
3464
3468
4113
3469
4114
3466
3470
4115
3467
3471
4116
3468
3472
4117
3469
3473
4118
3474
4119
3471
3475
4120
3472
3476
4121
3473
3477
4122
3474
3478
4123
3479
4124
3476
3480
4125
3477
3481
4126
3478
3482
4127
3479
3483
4128
3484
4129
3481
3485
4130
3482
3486
4131
3483
3487
4132
3484
3488
4133
3489
4134
3486
3490
4135
3487
3491
4136
3488
3492
4137
3489
3493
4138
3494
4139
3491
3495
4140
3492
3496
4141
3493
3497
4142
3494
3498
4143
3499
4144
3496
3500
4145
3497
3501
4146
3498
3502
4147
3499
3503
4148
3504
4149
3501
3505
4150
3502
3506
4151
3503
3507
4152
3504
3508
4153
3509
4154
3506
3510
4155
3507
3511
4156
3508
3512
4157
3509
3513
4158
3514
4159
3511
3515
4160
3512
3516
4161
3513
3517
4162
3514
3518
4163
3519
4164
3516
3520
4165
3517
3521
4166
3518
3522
4167
3519
3523
4168
3524
4169
3521
3525
4170
3522
3526
4171
3523
3527
4172
3524
3528
4173
3529
4174
3526
3530
4175
3527
3531
4176
3528
3532
4177
3529
3533
4178
3534
4179
3531
3535
4180
3532
3536
4181
3533
3537
4182
3534
3538
4183
3539
4184
3536
3540
4185
3537
3541
4186
3538
3542
4187
3539
3543
4188
3544
4189
3541
3545
4190
3542
3546
4191
3543
3547
4192
3544
3548
4193
3549
4194
3546
3550
4195
3547
3551
4196
3548
3552
4197
3549
3553
4198
3554
4199
3551
3555
4200
3552
3556
4201
3553
3557
4202
3554
3558
4203
3559
4204
3556
3560
4205
3557
3561
4206
3558
3562
4207
3559
3563
4208
3564
4209
3561
3565
4210
3562
3566
4211
3563
3567
4212
3564
3568
4213
3569
4214
3566
3570
4215
3567
3571
4216
3568
3572
4217
3569
3573
4218
3574
4219
3571
3575
4220
3572
3576
4221
3573
3577
4222
3574
3578
4223
3579
4224
3576
3580
4225
3577
3581
4226
3578
3582
4227
3579
3583
4228
3584
4229
3581
3585
4230
3582
3586
4231
3583
3587
4232
3584
3588
4233
3589
4234
3586
3590
4235
3587
3591
4236
3588
3592
4237
3589
3593
4238
3594
4239
3591
3595
4240
3592
3596
4241
3593
3597
4242
3594
3598
4243
3599
4244
3596
3600
4245
3597
3601
4246
3598
3602
4247
3599
3603
4248
3604
4249
3601
3605
4250
3602
3606
4251
3603
3607
4252
3604
3608
4253
3609
4254
3606
3610
4255
3607
3611
4256
3608
3612
4257
3609
3613
4258
3614
4259
3611
3615
4260
3612
3616
4261
3613
3617
4262
3614
3618
4263
3619
4264
3616
3620
4265
3617
3621
4266
3618
3622
4267
3619
3623
4268
3624
4269
3621
3625
4270
3622
3626
4271
3623
3627
4272
3624
3628
4273
3629
4274
3626
3630
4275
3627
3631
4276
3628
3632
4277
3629
3633
4278
3634
4279
3631
3635
4280
3632
3636
4281
3633
3637
4282
3634
3638
4283
3639
4284
3636
3640
4285
3637
3641
4286
3638
3642
4287
3639
3643
4288
3644
4289
3641
3645
4290
3642
3646
4291
3643
3647
4292
3644
3648
4293
3649
4294
3646
3650
4295
3647
3651
4296
3648
3652
4297
3649
3653
4298
3654
4299
3651
3655
4300
3652
3656
4301
3653
3657
4302
3654
3658
4303
3659
4304
3656
3660
4305
3657
3661
4306
3658
3662
4307
3659
3663
4308
3664
4309
3661
3665
4310
3662
3666
4311
3663
3667
4312
3664
3668
4313
3669
4314
3666
3670
4315
3667
3671
4316
3668
3672
4317
3669
3673
4318
3674
4319
3671
3675
4320
3672
3676
4321
3673
3677
4322
3674
3678
4323
3679
4324
3676
3680
4325
3677
3681
4326
3678
3682
4327
3679
3683
4328
3684
4329
3681
3685
4330
3682
3686
4331
3683
3687
4332
3684
3688
4333
3689
4334
3686
3690
4335
3687
3691
4336
3688
3692
4337
3689
3693
4338
3694
4339
3691
3695
4340
3692
3696
4341
3693
3697
4342
3694
3698
4343
3699
4344
3696
4345
3697
4346
3698
4347
3699
4348
4349
3701
3705
4350
3702
3706
4351
3703
3707
4352
3704
3708
4353
3709
4354
3706
3710
4355
3707
3711
4356
3708
3712
4357
3709
3713
4358
3714
4359
3711
3715
4360
3712
3716
4361
3713
3717
4362
3714
3718
4363
3719
4364
3716
3720
4365
3717
3721
4366
3718
3722
4367
3719
3723
4368
3724
4369
3721
3725
4370
3722
3726
4371
3723
3727
4372
3724
3728
4373
3729
4374
3726
3730
4375
3727
3731
4376
3728
3732
4377
3729
3733
4378
3734
4379
3731
3735
4380
3732
3736
4381
3733
3737
4382
3734
3738
4383
3739
4384
3736
3740
4385
3737
3741
4386
3738
3742
4387
3739
3743
4388
3744
4389
3741
3745
4390
3742
3746
4391
3743
3747
4392
3744
3748
4393
3749
4394
3746
3750
4395
3747
3751
4396
3748
3752
4397
3749
3753
4398
3754
4399
3751
3755
4400
3752
3756
4401
3753
3757
4402
3754
3758
4403
3759
4404
3756
3760
4405
3757
3761
4406
3758
3762
4407
3759
3763
4408
3764
4409
3761
3765
4410
3762
3766
4411
3763
3767
4412
3764
3768
4413
3769
4414
3766
3770
4415
3767
3771
4416
3768
3772
4417
3769
3773
4418
3774
4419
3771
3775
4420
3772
3776
4421
3773
3777
4422
3774
3778
4423
3779
4424
3776
3780
4425
3777
3781
4426
3778
3782
4427
3779
3783
4428
3784
4429
3781
3785
4430
3782
3786
4431
3783
3787
4432
3784
3788
4433
3789
4434
3786
3790
4435
3787
3791
4436
3788
3792
4437
3789
3793
4438
3794
4439
3791
3795
4440
3792
3796
4441
3793
3797
4442
3794
3798
4443
3799
4444
3796
3800
4445
3797
3801
4446
3798
3802
4447
3799
3803
4448
3804
4449
3801
3805
4450
3802
3806
4451
3803
3807
4452
3804
3808
4453
3809
4454
3806
3810
4455
3807
3811
4456
3808
3812
4457
3809
3813
4458
3814
4459
3811
3815
4460
3812
3816
4461
3813
3817
4462
3814
3818
4463
3819
4464
3816
3820
4465
3817
3821
4466
3818
3822
4467
3819
3823
4468
3824
4469
3821
3825
4470
3822
3826
4471
3823
3827
4472
3824
3828
4473
3829
4474
3826
3830
4475
3827
3831
4476
3828
3832
4477
3829
3833
4478
3834
4479
3831
3835
4480
3832
3836
4481
3833
3837
4482
3834
3838
4483
3839
4484
3836
3840
4485
3837
3841
4486
3838
3842
4487
3839
3843
4488
3844
4489
3841
3845
4490
3842
3846
4491
3843
3847
4492
3844
3848
4493
3849
4494
3846
3850
4495
3847
3851
4496
3848
3852
4497
3849
3853
4498
3854
4499
3851
3855
4500
3852
3856
4501
3853
3857
4502
3854
3858
4503
3859
4504
3856
3860
4505
3857
3861
4506
3858
3862
4507
3859
3863
4508
3864
4509
3861
3865
4510
3862
3866
4511
3863
3867
4512
3864
3868
4513
3869
4514
3866
3870
4515
3867
3871
4516
3868
3872
4517
3869
3873
4518
3874
4519
3871
3875
4520
3872
3876
4521
3873
3877
4522
3874
3878
4523
3879
4524
3876
3880
4525
3877
3881
4526
3878
3882
4527
3879
3883
4528
3884
4529
3881
3885
4530
3882
3886
4531
3883
3887
4532
3884
3888
4533
3889
4534
3886
3890
4535
3887
3891
4536
3888
3892
4537
3889
3893
4538
3894
4539
3891
3895
4540
3892
3896
4541
3893
3897
4542
3894
3898
4543
3899
4544
3896
3900
4545
3897
3901
4546
3898
3902
4547
3899
3903
4548
3904
4549
3901
3905
4550
3902
3906
4551
3903
3907
4552
3904
3908
4553
3909
4554
3906
3910
4555
3907
3911
4556
3908
3912
4557
3909
3913
4558
3914
4559
3911
3915
4560
3912
3916
4561
3913
3917
4562
3914
3918
4563
3919
4564
3916
3920
4565
3917
3921
4566
3918
3922
4567
3919
3923
4568
3924
4569
3921
3925
4570
3922
3926
4571
3923
3927
4572
3924
3928
4573
3929
4574
3926
3930
4575
3927
3931
4576
3928
3932
4577
3929
3933
4578
3934
4579
3931
3935
4580
3932
3936
4581
3933
3937
4582
3934
3938
4583
3939
4584
3936
3940
4585
3937
3941
4586
3938
3942
4587
3939
3943
4588
3944
4589
3941
3945
4590
3942
3946
4591
3943
3947
4592
3944
3948
4593
3949
4594
3946
3950
4595
3947
3951
4596
3948
3952
4597
3949
3953
4598
3954
4599
3951
3955
4600
3952
3956
4601
3953
3957
4602
3954
3958
4603
3959
4604
3956
3960
4605
3957
3961
4606
3958
3962
4607
3959
3963
4608
3964
4609
3961
3965
4610
3962
3966
4611
3963
3967
4612
3964
3968
4613
3969
4614
3966
3970
4615
3967
3971
4616
3968
3972
4617
3969
3973
4618
3974
4619
3971
3975
4620
3972
3976
4621
3973
3977
4622
3974
3978
4623
3979
4624
3976
3980
4625
3977
3981
4626
3978
3982
4627
3979
3983
4628
3984
4629
3981
3985
4630
3982
3986
4631
3983
3987
4632
3984
3988
4633
3989
4634
3986
3990
4635
3987
3991
4636
3988
3992
4637
3989
3993
4638
3994
4639
3991
3995
4640
3992
3996
4641
3993
3997
4642
3994
3998
4643
3999
4644
3996
4000
4645
3997
4001
4646
3998
4002
4647
3999
4003
4648
4004
4649
4001
4005
4650
4002
4006
4651
4003
4007
4652
4004
4008
4653
4009
4654
4006
4010
4655
4007
4011
4656
4008
4012
4657
4009
4013
4658
4014
4659
4011
4015
4660
4012
4016
4661
4013
4017
4662
4014
4018
4663
4019
4664
4016
4020
4665
4017
4021
4666
4018
4022
4667
4019
4023
4668
4024
4669
4021
4025
4670
4022
4026
4671
4023
4027
4672
4024
4028
4673
4029
4674
4026
4030
4675
4027
4031
4676
4028
4032
4677
4029
4033
4678
4034
4679
4031
4035
4680
4032
4036
4681
4033
4037
4682
4034
4038
4683
4039
4684
4036
4040
4685
4037
4041
4686
4038
4042
4687
4039
4043
4688
4044
4689
4041
4045
4690
4042
4046
4691
4043
4047
4692
4044
4048
4693
4049
4694
4046
4050
4695
4047
4051
4696
4048
4052
4697
4049
4053
4698
4054
4699
4051
4055
4700
4052
4056
4701
4053
4057
4702
4054
4058
4703
4059
4704
4056
4060
4705
4057
4061
4706
4058
4062
4707
4059
4063
4708
4064
4709
4061
4065
4710
4062
4066
4711
4063
4067
4712
4064
4068
4713
4069
4714
4066
4070
4715
4067
4071
4716
4068
4072
4717
4069
4073
4718
4074
4719
4071
4075
4720
4072
4076
4721
4073
4077
4722
4074
4078
4723
4079
4724
4076
4080
4725
4077
4081
4726
4078
4082
4727
4079
4083
4728
4084
4729
4081
4085
4730
4082
4086
4731
4083
4087
4732
4084
4088
4733
4089
4734
4086
4090
4735
4087
4091
4736
4088
4092
4737
4089
4093
4738
4094
4739
4091
4095
4740
4092
4096
4741
4093
4097
4742
4094
4098
4743
4099
4744
4096
4100
4745
4097
4101
4746
4098
4102
4747
4099
4103
4748
4104
4749
4101
4105
4750
4102
4106
4751
4103
4107
4752
4104
4108
4753
4109
4754
4106
4110
4755
4107
4111
4756
4108
4112
4757
4109
4113
4758
4114
4759
4111
4115
4760
4112
4116
4761
4113
4117
4762
4114
4118
4763
4119
4764
4116
4120
4765
4117
4121
4766
4118
4122
4767
4119
4123
4768
4124
4769
4121
4125
4770
4122
4126
4771
4123
4127
4772
4124
4128
4773
4129
4774
4126
4130
4775
4127
4131
4776
4128
4132
4777
4129
4133
4778
4134
4779
4131
4135
4780
4132
4136
4781
4133
4137
4782
4134
4138
4783
4139
4784
4136
4140
4785
4137
4141
4786
4138
4142
4787
4139
4143
4788
4144
4789
4141
4145
4790
4142
4146
4791
4143
4147
4792
4144
4148
4793
4149
4794
4146
4150
4795
4147
4151
4796
4148
4152
4797
4149
4153
4798
4154
4799
4151
4155
4800
4152
4156
4801
4153
4157
4802
4154
4158
4803
4159
4804
4156
4160
4805
4157
4161
4806
4158
4162
4807
4159
4163
4808
4164
4809
4161
4165
4810
4162
4166
4811
4163
4167
4812
4164
4168
4813
4169
4814
4166
4170
4815
4167
4171
4816
4168
4172
4817
4169
4173
4818
4174
4819
4171
4175
4820
4172
4176
4821
4173
4177
4822
4174
4178
4823
4179
4824
4176
4180
4825
4177
4181
4826
4178
4182
4827
4179
4183
4828
4184
4829
4181
4185
4830
4182
4186
4831
4183
4187
4832
4184
4188
4833
4189
4834
4186
4190
4835
4187
4191
4836
4188
4192
4837
4189
4193
4838
4194
4839
4191
4195
4840
4192
4196
4841
4193
4197
4842
4194
4198
4843
4199
4844
4196
4200
4845
4197
4201
4846
4198
4202
4847
4199
4203
4848
4204
4849
4201
4205
4850
4202
4206
4851
4203
4207
4852
4204
4208
4853
4209
4854
4206
4210
4855
4207
4211
4856
4208
4212
4857
4209
4213
4858
4214
4859
4211
4215
4860
4212
4216
4861
4213
4217
4862
4214
4218
4863
4219
4864
4216
4220
4865
4217
4221
4866
4218
4222
4867
4219
4223
4868
4224
4869
4221
4225
4870
4222
4226
4871
4223
4227
4872
4224
4228
4873
4229
4874
4226
4230
4875
4227
4231
4876
4228
4232
4877
4229
4233
4878
4234
4879
4231
4235
4880
4232
4236
4881
4233
4237
4882
4234
4238
4883
4239
4884
4236
4240
4885
4237
4241
4886
4238
4242
4887
4239
4243
4888
4244
4889
4241
4245
4890
4242
4246
4891
4243
4247
4892
4244
4248
4893
4249
4894
4246
4250
4895
4247
4251
4896
4248
4252
4897
4249
4253
4898
4254
4899
4251
4255
4900
4252
4256
4901
4253
4257
4902
4254
4258
4903
4259
4904
4256
4260
4905
4257
4261
4906
4258
4262
4907
4259
4263
4908
4264
4909
4261
4265
4910
4262
4266
4911
4263
4267
4912
4264
4268
4913
4269
4914
4266
4270
4915
4267
4271
4916
4268
4272
4917
4269
4273
4918
4274
4919
4271
4275
4920
4272
4276
4921
4273
4277
4922
4274
4278
4923
4279
4924
4276
4280
4925
4277
4281
4926
4278
4282
4927
4279
4283
4928
4284
4929
4281
4285
4930
4282
4286
4931
4283
4287
4932
4284
4288
4933
4289
4934
4286
4290
4935
4287
4291
4936
4288
4292
4937
4289
4293
4938
4294
4939
4291
4295
4940
4292
4296
4941
4293
4297
4942
4294
4298
4943
4299
4944
4296
4300
4945
4297
4301
4946
4298
4302
4947
4299
4303
4948
4304
4949
4301
4305
4950
4302
4306
4951
4303
4307
4952
4304
4308
4953
4309
4954
4306
4310
4955
4307
4311
4956
4308
4312
4957
4309
4313
4958
4314
4959
4311
4315
4960
4312
4316
4961
4313
4317
4962
4314
4318
4963
4319
4964
4316
4320
4965
4317
4321
4966
4318
4322
4967
4319
4323
4968
4324
4969
4321
4325
4970
4322
4326
4971
4323
4327
4972
4324
4328
4973
4329
4974
4326
4330
4975
4327
4331
4976
4328
4332
4977
4329
4333
4978
4334
4979
4331
4335
4980
4332
4336
4981
4333
4337
4982
4334
4338
4983
4339
4984
4336
4340
4985
4337
4341
4986
4338
4342
4987
4339
4343
4988
4344
4989
4341
4345
4990
4342
4346
4991
4343
4347
4992
4344
4348
4993
4349
4994
4346
4995
4347
4996
4348
4997
4349
4998
4999
4351
4355
4352
4356
4353
4357
4354
4358
4359
4356
4360
4357
4361
4358
4362
4359
4363
4364
4361
4365
4362
4366
4363
4367
4364
4368
4369
4366
4370
4367
4371
4368
4372
4369
4373
4374
4371
4375
4372
4376
4373
4377
4374
4378
4379
4376
4380
4377
4381
4378
4382
4379
4383
4384
4381
4385
4382
4386
4383
4387
4384
4388
4389
4386
4390
4387
4391
4388
4392
4389
4393
4394
4391
4395
4392
4396
4393
4397
4394
4398
4399
4396
4400
4397
4401
4398
4402
4399
4403
4404
4401
4405
4402
4406
4403
4407
4404
4408
4409
4406
4410
4407
4411
4408
4412
4409
4413
4414
4411
4415
4412
4416
4413
4417
4414
4418
4419
4416
4420
4417
4421
4418
4422
4419
4423
4424
4421
4425
4422
4426
4423
4427
4424
4428
4429
4426
4430
4427
4431
4428
4432
4429
4433
4434
4431
4435
4432
4436
4433
4437
4434
4438
4439
4436
4440
4437
4441
4438
4442
4439
4443
4444
4441
4445
4442
4446
4443
4447
4444
4448
4449
4446
4450
4447
4451
4448
4452
4449
4453
4454
4451
4455
4452
4456
4453
4457
4454
4458
4459
4456
4460
4457
4461
4458
4462
4459
4463
4464
4461
4465
4462
4466
4463
4467
4464
4468
4469
4466
4470
4467
4471
4468
4472
4469
4473
4474
4471
4475
4472
4476
4473
4477
4474
4478
4479
4476
4480
4477
4481
4478
4482
4479
4483
4484
4481
4485
4482
4486
4483
4487
4484
4488
4489
4486
4490
4487
4491
4488
4492
4489
4493
4494
4491
4495
4492
4496
4493
4497
4494
4498
4499
4496
4500
4497
4501
4498
4502
4499
4503
4504
4501
4505
4502
4506
4503
4507
4504
4508
4509
4506
4510
4507
4511
4508
4512
4509
4513
4514
4511
4515
4512
4516
4513
4517
4514
4518
4519
4516
4520
4517
4521
4518
4522
4519
4523
4524
4521
4525
4522
4526
4523
4527
4524
4528
4529
4526
4530
4527
4531
4528
4532
4529
4533
4534
4531
4535
4532
4536
4533
4537
4534
4538
4539
4536
4540
4537
4541
4538
4542
4539
4543
4544
4541
4545
4542
4546
4543
4547
4544
4548
4549
4546
4550
4547
4551
4548
4552
4549
4553
4554
4551
4555
4552
4556
4553
4557
4554
4558
4559
4556
4560
4557
4561
4558
4562
4559
4563
4564
4561
4565
4562
4566
4563
4567
4564
4568
4569
4566
4570
4567
4571
4568
4572
4569
4573
4574
4571
4575
4572
4576
4573
4577
4574
4578
4579
4576
4580
4577
4581
4578
4582
4579
4583
4584
4581
4585
4582
4586
4583
4587
4584
4588
4589
4586
4590
4587
4591
4588
4592
4589
4593
4594
4591
4595
4592
4596
4593
4597
4594
4598
4599
4596
4600
4597
4601
4598
4602
4599
4603
4604
4601
4605
4602
4606
4603
4607
4604
4608
4609
4606
4610
4607
4611
4608
4612
4609
4613
4614
4611
4615
4612
4616
4613
4617
4614
4618
4619
4616
4620
4617
4621
4618
4622
4619
4623
4624
4621
4625
4622
4626
4623
4627
4624
4628
4629
4626
4630
4627
4631
4628
4632
4629
4633
4634
4631
4635
4632
4636
4633
4637
4634
4638
4639
4636
4640
4637
4641
4638
4642
4639
4643
4644
4641
4645
4642
4646
4643
4647
4644
4648
4649
4646
4650
4647
4651
4648
4652
4649
4653
4654
4651
4655
4652
4656
4653
4657
4654
4658
4659
4656
4660
4657
4661
4658
4662
4659
4663
4664
4661
4665
4662
4666
4663
4667
4664
4668
4669
4666
4670
4667
4671
4668
4672
4669
4673
4674
4671
4675
4672
4676
4673
4677
4674
4678
4679
4676
4680
4677
4681
4678
4682
4679
4683
4684
4681
4685
4682
4686
4683
4687
4684
4688
4689
4686
4690
4687
4691
4688
4692
4689
4693
4694
4691
4695
4692
4696
4693
4697
4694
4698
4699
4696
4700
4697
4701
4698
4702
4699
4703
4704
4701
4705
4702
4706
4703
4707
4704
4708
4709
4706
4710
4707
4711
4708
4712
4709
4713
4714
4711
4715
4712
4716
4713
4717
4714
4718
4719
4716
4720
4717
4721
4718
4722
4719
4723
4724
4721
4725
4722
4726
4723
4727
4724
4728
4729
4726
4730
4727
4731
4728
4732
4729
4733
4734
4731
4735
4732
4736
4733
4737
4734
4738
4739
4736
4740
4737
4741
4738
4742
4739
4743
4744
4741
4745
4742
4746
4743
4747
4744
4748
4749
4746
4750
4747
4751
4748
4752
4749
4753
4754
4751
4755
4752
4756
4753
4757
4754
4758
4759
4756
4760
4757
4761
4758
4762
4759
4763
4764
4761
4765
4762
4766
4763
4767
4764
4768
4769
4766
4770
4767
4771
4768
4772
4769
4773
4774
4771
4775
4772
4776
4773
4777
4774
4778
4779
4776
4780
4777
4781
4778
4782
4779
4783
4784
4781
4785
4782
4786
4783
4787
4784
4788
4789
4786
4790
4787
4791
4788
4792
4789
4793
4794
4791
4795
4792
4796
4793
4797
4794
4798
4799
4796
4800
4797
4801
4798
4802
4799
4803
4804
4801
4805
4802
4806
4803
4807
4804
4808
4809
4806
4810
4807
4811
4808
4812
4809
4813
4814
4811
4815
4812
4816
4813
4817
4814
4818
4819
4816
4820
4817
4821
4818
4822
4819
4823
4824
4821
4825
4822
4826
4823
4827
4824
4828
4829
4826
4830
4827
4831
4828
4832
4829
4833
4834
4831
4835
4832
4836
4833
4837
4834
4838
4839
4836
4840
4837
4841
4838
4842
4839
4843
4844
4841
4845
4842
4846
4843
4847
4844
4848
4849
4846
4850
4847
4851
4848
4852
4849
4853
4854
4851
4855
4852
4856
4853
4857
4854
4858
4859
4856
4860
4857
4861
4858
4862
4859
4863
4864
4861
4865
4862
4866
4863
4867
4864
4868
4869
4866
4870
4867
4871
4868
4872
4869
4873
4874
4871
4875
4872
4876
4873
4877
4874
4878
4879
4876
4880
4877
4881
4878
4882
4879
4883
4884
4881
4885
4882
4886
4883
4887
4884
4888
4889
4886
4890
4887
4891
4888
4892
4889
4893
4894
4891
4895
4892
4896
4893
4897
4894
4898
4899
4896
4900
4897
4901
4898
4902
4899
4903
4904
4901
4905
4902
4906
4903
4907
4904
4908
4909
4906
4910
4907
4911
4908
4912
4909
4913
4914
4911
4915
4912
4916
4913
4917
4914
4918
4919
4916
4920
4917
4921
4918
4922
4919
4923
4924
4921
4925
4922
4926
4923
4927
4924
4928
4929
4926
4930
4927
4931
4928
4932
4929
4933
4934
4931
4935
4932
4936
4933
4937
4934
4938
4939
4936
4940
4937
4941
4938
4942
4939
4943
4944
4941
4945
4942
4946
4943
4947
4944
4948
4949
4946
4950
4947
4951
4948
4952
4949
4953
4954
4951
4955
4952
4956
4953
4957
4954
4958
4959
4956
4960
4957
4961
4958
4962
4959
4963
4964
4961
4965
4962
4966
4963
4967
4964
4968
4969
4966
4970
4967
4971
4968
4972
4969
4973
4974
4971
4975
4972
4976
4973
4977
4974
4978
4979
4976
4980
4977
4981
4978
4982
4979
4983
4984
4981
4985
4982
4986
4983
4987
4984
4988
4989
4986
4990
4987
4991
4988
4992
4989
4993
4994
4991
4995
4992
4996
4993
4997
4994
4998
4999
4996
4997
4998
4999
)


// ************************************************************************* //
